100
1.060223021024383e+01
-1.720937674419666e+00 -1.799376701936756e-01 -1.053491660003544e+00
9.057545045820512e-01 -7.109824179870005e-01 4.031440768723714e-01
-7.413304528804102e-01 -4.852913064026719e-01 8.609035222709736e-01
8.959092000348993e-01 2.241811935132673e+00 1.537034677152512e+00
-2.286848877595098e-01 -7.708210929193156e-01 -8.062967226125682e-01
2.784226531042583e+01
3.497442591148017e-01 -9.357690809170339e-01 6.879753133611290e-01
1.254341975670533e+00 1.277042119696993e+00 -7.458618528108212e-02
5.884680709123392e-01 4.386897216528640e-02 3.191920551061461e-01
-6.159061095646834e-01 -3.708197622084495e-01 6.021269631584001e-01
2.575189348469686e-02 -2.711724497502698e-01 -1.043069387355754e+00
2.430552111141760e+01
2.242148610768617e+00 -1.174143412099438e+00 9.553816055576116e-01
-5.487957056198158e-01 -5.799003084395498e-01 7.187787434714058e-01
1.175610994229647e+00 -3.564710460268445e-01 3.651253795067618e-01
5.043221229040266e-01 -3.310011268080593e-02 1.165567402800919e+00
3.046808791437515e-01 -1.812066829312919e+00 -8.714002448432762e-01
1.570491575083151e+01
-1.319895383047423e+00 1.597393349699601e+00 1.253125669782448e-01
5.587337789171603e-01 -1.134583267884942e+00 4.122603954447973e-01
-1.887650821220168e-01 -5.705660029903437e-02 1.393023765277816e+00
7.710991436380625e-01 5.604325997155654e-01 4.983656420334009e-01
-1.939928588785197e-01 -3.229652445456246e-01 -3.932955548577760e-01
2.143291095079381e+01
-1.078273809999525e+00 -1.128583811367019e+00 9.003550460340166e-01
-1.364237934229371e-01 -1.394913482819747e+00 -1.205905811018081e+00
4.273654070747112e-01 1.568989233283420e+00 7.438291966157518e-01
1.146387717943470e-01 -9.903783733217892e-01 6.071830777699938e-01
-2.438707617839908e-02 9.715136524326040e-03 -4.293584198782102e-02
9.163151567408056e+00
1.785878668796733e+00 -7.697555752633746e-01 4.788915098993994e-01
-1.326012254158798e+00 -4.754789687017887e-01 -7.379260405398214e-01
-3.187904920223363e-01 8.438702175952542e-01 -1.444860446093253e+00
1.234916938098716e+00 1.585088506940629e+00 5.230836191319803e-01
-1.719528588058550e-01 5.414252276333695e-01 5.301240964673223e-01
1.240791652091904e+01
3.977413050796555e-01 5.586145172731274e-01 4.912522376739245e-01
-1.137798673038867e+00 -1.099165999577263e+00 1.073141991136035e-01
-3.718311987944649e-01 -3.012454728533098e-02 -1.464896430085961e+00
-3.072775559148268e-01 1.365586001607273e+00 1.553158069381704e+00
1.898233932998641e-01 -1.222323771929167e+00 -6.475138767291068e-01
1.343158451232540e+01
-3.219349626901531e-01 9.869394088306809e-01 -6.137894735919322e-02
1.327729264705728e+00 1.076006059807584e+00 1.733658768649798e+00
-1.362020818843256e+00 9.063572670447981e-01 1.976285702181023e+00
2.381744266700360e-01 -8.844047281911060e-01 -9.665296395074502e-02
1.121746510364523e+00 -1.141358435932750e+00 7.450140153765826e-01
1.620212951322551e+01
-4.252968500051441e-01 9.808758659392744e-01 3.128529580140428e-01
1.293938228436713e+00 1.419105332083705e+00 2.790657492664946e-01
1.744923404433920e+00 1.114168607028650e+00 -5.945692893025555e-01
-1.660649873020225e-01 -6.673180146590503e-01 5.134421269320459e-01
3.088979559071817e-01 6.719683470713458e-01 -1.306097909593099e+00
1.315392894320261e+01
-7.489069304566264e-01 -9.737645217596592e-01 1.329672428985027e+00
-1.424061754532744e-01 1.097619866029020e+00 -8.905493088756561e-01
-3.606676386821260e-01 -1.069267488350983e+00 -1.814380849426680e+00
-9.654236629063564e-01 1.098514115176432e+00 4.166359235209303e-01
3.188146607838379e-01 -7.556268725407473e-01 -7.155865251457403e-01
1.685186109672541e+01
-2.036989234965763e+00 -2.606068278658776e-01 7.758991899955822e-02
-9.900044392463788e-01 2.055128685636834e+00 -4.183966973136480e-01
-1.015824608538713e+00 1.579456141506985e-02 -7.464429757511269e-01
2.320281714175073e-01 7.876078032584488e-02 -3.851588405191576e-01
-7.537779937788253e-01 -1.605326520805223e+00 7.552072509463298e-02
1.752300322639708e+01
1.030624853919485e+00 8.090131339845382e-01 4.257947103265414e-02
1.447354139064768e+00 -7.272849635853585e-01 7.331063294069871e-01
-4.636801388775493e-01 3.999853627293875e-01 -9.889007394340322e-01
2.273312946537648e-01 1.037448183556864e+00 1.864217156038931e+00
-5.011500680231138e-01 1.061106142210199e+00 -1.704347956800106e-01
1.405744881619903e+01
-9.931114281326722e-01 -3.769392572556995e-02 1.496008142598902e+00
-7.995347955434784e-02 9.935868605956608e-01 -1.764560433398502e+00
2.296501815817373e-01 -3.128693705478890e-01 -6.316717148154711e-01
5.069563755086700e-01 -2.482903835835703e-01 8.722025063201098e-01
1.619863987304512e+00 -7.097055765563505e-01 1.699439544040860e-01
2.724606304621468e+01
1.515970626303283e-01 6.250459074200515e-02 3.006293595693141e-01
4.831933977154352e-01 -2.300240256830187e-01 -1.097317211470655e+00
-1.032640460307099e+00 -6.493439243426872e-01 -1.013942850770927e+00
-6.183219073922340e-01 -1.110427032096585e+00 7.237809985956623e-01
-1.289271015576564e+00 -4.221120546530130e-01 2.240681286938087e-01
2.766036527550233e+01
4.142940680063982e-01 1.121076081546500e+00 -8.298589691581735e-01
-7.203069751650468e-01 1.056658371250118e+00 -2.650597028646046e-01
-4.195365011377233e-02 -1.039311379825797e+00 7.252725497940196e-01
1.349309202614898e+00 2.444472601954974e-01 -2.474216704241758e-01
4.710834422925322e-02 -2.805203677468385e-01 -1.869582350134116e-01
1.269540510994755e+01
-1.098370402789551e+00 1.199562073788484e+00 -8.620745351772952e-01
7.773185052704356e-01 -2.748849951801491e-01 4.612671986939257e-01
9.027193485211126e-01 6.100195800642738e-02 -1.529699451595554e+00
-5.672030831230205e-01 4.237735134974964e-01 1.102470227081685e+00
2.048621482668595e-01 1.357656125247910e+00 4.491851389403515e-01
1.773337748037034e+01
9.940487640817307e-01 1.505114368963478e+00 -4.085238582935241e-01
-2.121961904703751e-01 7.668502990710215e-01 4.086926773127900e-01
-8.460755835437771e-01 -4.624644022479467e-01 1.090925962310894e+00
-3.917583105642494e-01 -7.697273268216914e-01 -4.007584964974955e-01
7.386115526120491e-01 -3.850617339213920e-01 7.845098389802757e-02
1.395352958112178e+01
-1.802397572059657e+00 1.909653434676153e-01 1.115717804074160e+00
-2.133758979850107e-01 1.397614452206750e+00 -3.822645173481573e-01
1.204964498124637e+00 4.447209569501425e-01 -3.065326861295403e-01
1.228580037506130e+00 1.810111647711584e+00 2.185119011257612e-01
1.177307634643736e+00 -9.586357417511282e-01 -4.237008183164033e-01
9.311018141702135e+00
2.180887359507928e-01 -1.780060099765047e+00 7.149684699485218e-01
8.885607192687628e-01 9.789166901034878e-01 1.924194210298398e-01
-6.430495627439825e-01 -2.715011475047499e-01 6.892517761858297e-01
6.157327149444904e-01 -5.921414545941500e-01 -1.742148427975666e+00
-1.959929654548179e-01 1.071933829326174e+00 -1.196543444183320e+00
2.160814141287326e+01
-1.754106529442464e-01 -2.252829508523707e-01 -8.134566608571321e-01
-1.588743680892525e+00 3.244271076030538e-01 -8.498016594449305e-01
6.073331232610780e-01 1.151225923018351e+00 1.116403631620198e+00
9.169368704169537e-01 4.418312345153009e-01 -8.750339031934175e-01
-1.313832873440894e+00 8.274338179633405e-01 2.682228503608353e-02
1.055697460134743e+01
-3.831798568262695e-01 5.333441465037353e-01 9.812739363843550e-01
-2.114152846714412e+00 -6.092844268534455e-01 -1.139241225391185e+00
7.394382893151521e-01 5.767800765466025e-02 -2.824693827334234e-01
1.023536945365958e+00 8.670724606848890e-01 -1.602470647868900e+00
5.977733922135053e-02 -8.081713025817255e-01 1.697323681275946e+00
2.730168390140651e+01
1.085209394307886e-01 -7.857141864011754e-01 -5.846292016219435e-01
-3.746116424958338e-01 -9.794581733623888e-01 4.053529667587819e-01
-3.190147500969855e-01 6.641440050439089e-01 1.534953697292931e-01
8.555031153419927e-01 7.135469202443141e-01 -8.380054229964504e-01
7.954955075894105e-01 -3.399749783852508e-01 3.515036037985572e-01
1.981264026602830e+01
1.430229125173981e+00 5.060547165124568e-01 3.547976172931393e-01
-1.224390680791037e+00 4.282433857368297e-01 3.023004505092989e-01
-6.971112795650822e-01 5.966536947675011e-01 -9.297574177787147e-01
5.031639351005623e-02 -7.894972958229175e-01 -2.438125651189860e-01
2.724226134003656e-01 7.434685484040329e-01 7.057410386219595e-01
1.248987433706715e+01
2.372001196837142e+00 5.835378841162239e-01 2.676091516631667e-01
-1.374929291023347e+00 1.042701432595715e+00 -9.454749136272810e-01
9.442735270870461e-01 2.835782823025756e-01 -7.730233013657872e-01
-6.967415254718134e-01 5.468911490511867e-01 3.101984463927671e-01
-5.459439682156019e-01 -8.523567759759688e-01 7.647684509215991e-02
2.027849446841298e+01
-3.774525260138367e-01 5.872441729086297e-01 6.607084537210485e-01
-3.711675577811133e-01 4.459544826561471e-01 -9.843515640140597e-01
8.228353209770505e-01 -6.489711513908284e-01 1.192165370198541e+00
6.059848152951386e-01 6.668479581965415e-01 -8.234272205936730e-01
-8.894926458175036e-01 -1.217829031531803e-02 -2.081947825357257e+00
1.081855760864615e+01
-8.947982020461598e-03 5.093917980922439e-01 1.783990091060042e+00
-4.322600247512486e-01 1.196739033628457e+00 -6.391025667535386e-01
-4.437209574603195e-01 -8.786498747723135e-01 -8.072254429583717e-01
1.025596394627217e+00 -1.327982547618143e+00 -5.039010166125943e-01
7.925803535452283e-01 2.998421805307080e-01 3.351699575449032e-01
2.405744446182620e+01
3.107196391611827e-01 -3.025253125116496e-01 6.822951669879712e-01
4.615687598704093e-01 -9.433727280779975e-01 -1.408928621232864e+00
8.855959916823781e-01 -3.230420439780138e-01 -2.093941567969791e-01
-5.122698991945075e-01 6.364099863352988e-01 1.369115263233967e+00
-1.162141851362011e+00 -6.076467544012681e-01 -7.564940463903003e-02
1.676215406606427e+01
-1.574255367478140e+00 1.197742179559589e+00 1.796592043484839e+00
1.595415159006054e-01 5.069846628048276e-01 3.016898318693351e-02
-1.370717284156849e+00 -8.811963218469833e-01 -5.161737743269478e-01
1.289123313872274e+00 3.006107822852438e-01 4.886501781402573e-01
-7.712953966803731e-01 5.832226094468639e-01 -1.077514956584537e+00
1.690268565520824e+01
-7.598383929704253e-01 9.230799881847992e-01 6.444716716186716e-02
6.229719725656538e-01 -4.388910640876077e-01 -1.721867620506381e+00
8.858827832978118e-01 6.426112987459112e-02 6.554055828091105e-01
-9.574520702502263e-01 -1.153684431401569e-02 9.010957165770305e-01
-3.182559374069545e-01 -6.286449133704805e-01 -7.181935342281117e-01
1.488344485747112e+01
1.427286134287420e+00 3.669717717176089e-01 8.914122197873590e-01
2.795516952665101e-01 6.861131737124662e-01 -6.755876551574912e-01
-1.909880513861882e-01 -1.321879032054244e-01 -1.551519810060874e+00
4.017503560043834e-01 -2.320970998904606e+00 1.295473345536921e+00
4.904619922054280e-01 1.460553557546559e+00 9.926386329878902e-01
2.619378904699116e+01
3.926264441730958e-01 -7.668344691256196e-01 4.044811633572976e-02
5.487305902460179e-01 1.539419733299795e-01 9.280550601618933e-01
1.081573206657030e+00 8.923662103492025e-01 4.453586628463029e-01
-8.463005574657104e-01 9.924407715593866e-01 9.037043107819271e-01
-7.397485719995917e-01 2.800150881513751e-02 -1.150166936855345e-01
2.832104730858548e+01
-1.812200772807299e-01 3.837522280987983e-01 -1.919109816268725e+00
3.752952257170750e-02 -4.464297654605675e-01 1.470419853515175e+00
-3.075962044438769e-01 -9.500348750210733e-01 -6.685472656303968e-01
-7.821983215591821e-02 -1.122060856872122e-01 2.401303440399033e-01
4.444628606398029e-01 -1.781026804846515e+00 -6.915803051351017e-01
1.429628028180911e+01
-5.124128825772606e-01 8.445405179220152e-01 1.282129727578781e+00
1.261508996491525e+00 2.983448259939645e-01 -3.859355842383468e-01
-3.096028295758407e-01 7.583656968520931e-01 -8.215267574338062e-01
-1.899086034703603e-01 -3.295572844566956e-01 -1.419872702264235e+00
-1.459893000121901e-01 -1.425558357493462e+00 5.319754239788699e-01
1.710407681767523e+01
6.654391791522851e-02 -5.387721379787414e-01 3.406155220558157e-01
-1.311144320172095e+00 9.942197528272712e-02 -1.583466461627108e+00
3.471280502884388e-01 -3.309913506336225e-01 -1.736501891288965e+00
1.704987236442098e+00 1.726847491722798e-01 3.312641703150569e-01
4.580739338240292e-01 4.453455736430605e-01 -3.441084837078070e-01
1.051149757022314e+01
5.566350745871730e-01 -2.622593870193556e-01 -1.150885503666028e-01
4.484479442850697e-02 1.497043874478749e+00 -3.909759108463073e-02
-1.462033827272956e+00 -1.728696963246507e+00 1.316098865173682e+00
5.433231774224908e-01 -3.260260532624505e-01 1.488216038184594e+00
1.611979322452881e+00 6.216270623656446e-01 -8.940076918108467e-01
1.364775850544773e+01
-8.011174790247530e-02 1.403582557876517e+00 -3.246106863458277e-01
-3.276392740958300e-01 -1.044752164940896e+00 3.953120290834152e-01
1.782284126351774e+00 -6.822930646537950e-02 2.823141613047206e-01
5.120033662812842e-01 6.370525584430744e-01 -1.315901459361450e+00
-1.362903208304383e+00 -1.736088482878880e-01 7.423486724644712e-02
1.252897728488106e+01
-1.039221816892579e+00 1.376201523598424e-01 -6.824721400691633e-01
-4.449003889893660e-02 -1.417138827817456e+00 7.969891146439846e-01
8.971554080071567e-01 -2.119977802253779e-01 6.672282244091086e-01
2.225958299262486e+00 -1.001330997512505e+00 -6.821957254186382e-01
1.534811645955132e+00 8.887004492644277e-01 1.377094031782623e-01
1.154467479218738e+01
6.346517905135058e-01 4.724000839619398e-01 2.798762399281679e-01
5.739479033584414e-01 -9.027553670108956e-01 8.524307975413349e-01
-1.044825475176809e+00 4.225180315340638e-03 -4.697947883347264e-03
1.243750777940222e+00 -6.366175036107806e-01 -1.227754396510316e+00
-9.387277088521739e-01 -1.165087358435358e+00 -1.100298461099128e+00
-5.925603929323928e+01
4.309859659094425e-01 2.681222479626718e-01 -4.925265391276302e-01
5.695076940531523e-01 -8.462612942588990e-01 4.572152966050582e-01
-8.554577569680289e-01 8.378791190104429e-01 -1.961276353941542e-01
-7.921544642749592e-01 -8.677139547156779e-01 -1.395946587352134e+00
-6.016391382161975e-01 -8.654810265718946e-01 -5.182168402667884e-01
8.433712725257642e+00
-3.933755436029212e-01 -1.671041929309415e+00 -9.198680332111180e-01
-3.066783428359573e-01 1.564428014471098e+00 5.169584833551331e-01
4.645553595530217e-01 1.830924679169832e-01 -5.472652149981914e-01
-6.111277757114087e-01 -1.406091611635294e+00 1.316285891513342e+00
1.701167720474303e+00 -3.422654662202021e-01 9.218967420496793e-01
3.184890110367826e+01
-4.360278366533210e-01 -9.484717917378902e-01 6.187518663338605e-01
1.930813141650670e-01 -9.713952800811954e-01 -6.192292421668477e-01
-1.282016463945139e+00 5.070284996066472e-01 4.749560937220849e-01
4.073617058677744e-01 -1.131860884176296e+00 1.391632626536746e+00
1.477316335788111e+00 -8.558698214373250e-01 1.343648401682905e+00
1.243973771158248e+01
-1.248714434334045e+00 -2.410921225290138e-01 1.146296837868062e+00
-1.983864600745326e-01 -7.767678329663695e-01 -1.323927930825563e+00
1.779787213315218e+00 -2.654639037409842e-01 3.185273125641305e-01
7.262062171150050e-01 1.011402603545537e-01 1.143022155702372e+00
1.613646605625133e-01 9.981681377018361e-01 3.801588350447771e-02
1.324967292643751e+01
-9.512704227223893e-01 7.764219604065350e-02 -5.475415791906822e-01
5.036143838683532e-02 1.360693563402681e+00 9.399932420807233e-02
-2.827223743675022e-01 -2.419577381206523e-01 1.600723052019173e+00
-8.461674209158990e-01 1.156263614200258e+00 1.104398311327446e+00
6.256332009251522e-01 -1.270347614738023e+00 3.870661882120274e-01
1.189785366057676e+01
7.951323680830806e-01 -4.596935518391226e-01 -2.642735409770325e-01
5.315086237762419e-01 2.072207735699221e+00 1.180752218320435e+00
-8.144613135336219e-01 -1.779456173347061e-01 1.129006123318552e+00
4.925333900237338e-01 1.032559962984293e+00 -3.040135106832318e-01
-7.598865951675646e-01 1.805122458813205e+00 -4.106649964569649e-01
2.877211013132946e+01
-7.012127252414793e-01 -1.015178769488064e+00 8.813963077363174e-01
3.541863375443823e-01 -3.336012760642096e-01 8.276987072839481e-01
4.965727521097605e-01 1.070130439485988e+00 4.482304982113148e-01
-3.043280476797179e-01 3.595659996852909e-01 -4.576412521612461e-01
7.145344724740776e-02 1.819818176686137e+00 1.112492850576708e+00
2.776916747931333e+01
-5.487363553143343e-02 -7.023711369755860e-01 -3.839553198551975e-01
-5.507901736886944e-01 -1.463572185143042e+00 3.781555707554001e-01
7.729123985016111e-01 1.911818672552104e-01 8.455303535575159e-01
-4.143039458002501e-01 2.826644839203074e-01 -6.254933824235402e-01
-2.014095435556205e+00 6.532704242026566e-01 5.135435240290662e-01
1.663986085535996e+01
-2.056737963416141e+00 4.222468120395438e-01 -1.215953146529999e+00
6.575158307226782e-01 -1.671490679619072e+00 1.245417006428097e+00
-1.406111100625521e+00 1.087513696093806e-01 1.116699152573821e+00
-4.031614688410566e-01 -1.639421331486899e-01 6.621351165922624e-01
-1.273253611106684e-02 4.249590624591157e-01 -1.112077056270428e+00
1.576817420048118e+01
-2.484846071801013e-01 -8.486720566957010e-01 2.396468722661492e-01
-7.066117091734325e-03 -8.177280128679733e-01 1.451970169700802e+00
-7.122543177699006e-01 3.323554452780428e-01 -1.973103755564158e+00
-1.648491762374520e+00 -1.852388116885666e-01 9.796400829752971e-03
7.232995376839124e-02 1.385758618027376e+00 -1.039588037873232e+00
1.489000906450382e+01
4.165763337496354e-01 -8.417839082569109e-01 3.655514997494628e-01
8.621189719249547e-01 8.342715853580049e-01 7.652794065209351e-01
-1.606515521741612e+00 -1.901175170433218e+00 9.946364496052315e-01
6.478185677541873e-01 6.939513462863578e-01 -6.936056745219197e-01
-3.533635123559704e-01 -1.976229159315787e-01 -8.390909909373407e-01
1.587892480866076e+01
-9.210400297518090e-01 8.499354409051851e-01 -8.726890116610285e-01
3.432701020742757e-01 1.449934668540746e+00 1.109263293551123e-01
2.878408154902161e-01 -2.880598442921931e-01 -1.212898016061848e+00
1.012720075286626e+00 -5.752308437834461e-01 5.987997586044220e-01
-6.324489035828376e-01 1.039027884324182e-01 1.187999961636246e-01
2.198117978582887e+01
-3.882696425703180e-02 -7.465598789751543e-02 4.996757701112530e-01
-1.429090020352094e+00 1.438518010283809e-01 -3.416881536947034e-01
-5.310514661797402e-01 8.803112946017035e-01 -1.346922748463637e+00
-9.323450183467299e-01 5.935394269732125e-02 1.274972048795948e+00
-6.734826944489871e-01 -1.205714472691596e+00 2.019767708135497e-01
1.552049819816600e+01
-8.443123492500049e-01 1.488739914986176e-01 -8.300071879860138e-02
1.649327383473827e+00 -7.154230771115448e-01 -5.897493403191638e-01
3.575893322953645e-01 1.110518147563313e+00 1.289380571815745e+00
4.179455013998031e-01 -4.206465472494771e-01 1.414732138062489e-01
-3.301484944010622e-01 -9.197109160426165e-01 1.276499720189947e+00
1.462953847620435e+01
-8.139265126680743e-01 1.825307245150449e-01 1.097125814739618e+00
6.100162064918354e-01 -1.088471497354120e+00 3.362450791330338e-01
6.619677288230148e-01 9.887136652039241e-02 1.138498274166627e+00
-1.183500914276418e+00 1.377489561551166e+00 3.411116516785981e-01
5.623483213946963e-01 -4.244212252190799e-02 -1.049421379293377e+00
2.712564173784033e+01
-1.142441294509017e-01 -5.980115184315835e-01 -1.378791037496101e+00
9.993049072648574e-01 1.320550212127423e-01 1.295646439677429e+00
-3.169379528831874e-01 -1.031928634337986e-02 1.116476805570609e+00
-4.715109179977490e-01 -6.536713995207715e-01 -7.990411324177810e-02
-1.968566877481077e-01 4.437387010487465e-01 -8.029401328997532e-01
2.622178172660367e+01
9.294861905482840e-01 1.811108741541028e+00 -1.425274505607602e-01
4.976271708437542e-01 2.199206521822155e-01 -3.210199347514907e-01
-2.661852436082086e-01 -1.417698481041318e-01 -1.262851978473116e+00
-7.836281197240488e-01 5.439414346057935e-01 7.962168527919056e-02
-2.959713997723407e-01 7.213048249221611e-01 1.073942492959254e+00
1.888462249263140e+01
-1.339301082467883e+00 -1.042126511032640e+00 -8.403637124502026e-01
-7.238140838722391e-01 -1.917058156615695e+00 5.771245143620242e-01
-2.887364788908512e-01 -4.135733244386417e-01 -4.986931100735885e-01
-5.641653882117336e-01 1.037200340164249e+00 -1.154049760282666e-02
-1.255672014488212e+00 -9.421963034171112e-01 1.272547939852912e+00
2.212801305778905e+01
-1.197258277335938e-01 -3.906285075232481e-02 -1.628072176728280e+00
-1.340785402539550e-01 -6.774246604678542e-01 3.259893692717825e-01
7.192901745478664e-01 -9.129095337977460e-01 -7.506235014257463e-01
-9.322948925482321e-01 -4.831706333753614e-01 1.171960382175397e+00
-2.051186039407245e+00 3.102768956085488e-01 5.236151379078919e-01
2.259670257978980e+01
-4.790677828876151e-01 -9.250969537427998e-01 9.716919145791290e-01
1.033686357052951e+00 -1.002049288522438e+00 2.841213909614339e-01
-5.045767820122290e-01 2.795995685508609e-01 1.250059008548337e+00
-1.285304506786072e+00 9.060716843399357e-01 6.341953894312462e-01
2.043791467180041e+00 8.301889384138761e-01 4.859547350390834e-01
1.453872268782949e+01
1.394376662601719e+00 -1.072604276242807e+00 1.286625170877906e+00
1.073737901096368e+00 -4.518259929922534e-01 2.330489768602723e+00
-5.286851960232684e-01 8.003152216630061e-02 -8.545422369159319e-01
1.245117911602261e+00 4.078483991766632e-01 3.728176045518238e-01
1.667120547510778e-01 -1.368232894923848e+00 -2.987331685066996e-01
2.453611565514058e+01
7.805520088447909e-01 -2.301548946214681e-01 3.361836563820120e-01
-6.808986293917236e-01 -1.773397433439672e-02 5.090079693419685e-01
-8.642751677448686e-01 3.602810955061393e-01 -5.319051532000619e-01
-9.949211784516832e-02 6.867651966993507e-02 -1.525100289737404e+00
1.943195964158479e-01 -1.193410782350359e+00 1.890251098796050e+00
8.887870584283000e+00
9.433936827894807e-01 -1.338344721388808e+00 -6.643004172665132e-01
-2.175609729751957e-01 -1.139123783488933e+00 9.954771396596914e-01
2.208136476740882e+00 2.888011919390536e-01 -5.996077039487798e-01
4.769260918488281e-01 5.783828517574738e-01 5.098748381953486e-01
4.093014771109371e-02 4.733540860179941e-01 -1.443903359993173e+00
2.288524276262688e+01
-8.619374490178278e-01 1.124005500148825e+00 8.571496897489276e-01
-6.298329189127541e-01 4.391828701812983e-03 3.948866989544341e-01
1.336160381295002e+00 2.282603338871442e-01 -2.851012145548156e-01
5.126227931243037e-01 -8.613387166154369e-01 6.762841219991822e-01
3.943298993080596e-01 -4.557686349460202e-01 -8.343401578559155e-01
1.450343836841322e+01
-8.562671361471532e-01 5.356403684264542e-01 -1.412992436369674e+00
-3.608282056908317e-01 -3.446108359659834e-01 1.238406938766278e+00
1.203320552225757e+00 -2.061435621610234e-01 -7.541613041227910e-01
8.059760282321662e-01 -1.118171753196988e-01 6.272021198222555e-01
-2.450248049187776e-01 -1.257620134385932e+00 -1.006091761773158e+00
1.653568783559187e+01
4.471636831454977e-01 -2.020749935288326e-01 -1.158755486991106e+00
-4.132052881103901e-01 -1.221287631749036e+00 -4.959429073902247e-01
-3.993621027113875e-01 8.179808456435064e-01 -3.826718895158559e-01
6.849057298055286e-01 1.373562369613557e-01 2.849934558829539e-01
9.857485388998547e-01 5.254291261158130e-01 1.709272676908893e+00
1.077795862146175e+01
1.504864851996456e+00 -1.037357444613258e+00 -6.333919126818025e-01
-4.534478546471510e-01 1.104724832963239e-02 1.160942690467539e+00
-4.078996390439773e-01 -8.950333643459031e-01 -1.596919843690217e+00
-6.599967193905962e-01 1.418507091942224e+00 3.646279365130173e-01
-1.194724137148316e+00 5.090620926932848e-02 -3.819152140688084e-01
1.640566001543406e+01
1.129529309393678e+00 8.250850886891787e-01 -1.407162961355496e+00
1.034369259003676e-01 -1.637871676818798e+00 2.646373828234846e-01
7.574430968073915e-01 -3.342134193656920e-02 6.433657508729773e-01
-6.854184876106928e-02 9.093553421770588e-01 -7.702299068197395e-01
-7.560397354310786e-01 -6.309979685217306e-01 2.747502020413847e-01
1.728034604739265e+01
-6.951761257349276e-01 6.044291060403523e-01 9.894401068048464e-01
4.820373666465854e-01 -6.506125315098379e-01 1.320752550811240e+00
5.930647163327464e-01 -5.299143749221013e-01 -9.577633075900899e-03
4.934123695395208e-01 6.871413481160656e-01 -9.211075656247953e-01
1.209647249507893e+00 -1.450759061219048e+00 -7.919013015973292e-01
1.602324226648835e+01
9.946795732635003e-02 2.528265005792415e-01 1.465941956244635e+00
-4.654189462128100e-01 8.518407143543987e-01 3.370951740953291e-01
1.618968795370634e+00 -2.661105770773073e-01 4.609678556226875e-01
2.042632233190219e-01 -9.479655201380914e-01 9.402089447143872e-01
-7.656172945003012e-02 -3.147116797156320e-01 -1.158991394497401e+00
1.808007861336760e+01
-2.444417931557141e-01 8.272865964099798e-01 4.164061676780931e-01
-1.521273798668285e-01 -1.606106118590354e+00 -1.006519400716234e+00
1.204866512589641e-01 -5.191272717451775e-01 4.583895332463490e-01
1.415570823672022e+00 3.895661242265810e-02 -1.827862059080112e+00
-3.264920489165070e-01 -1.435847840280351e-01 -6.987320492137064e-01
1.344897689829619e+01
8.254142482410286e-01 6.020274527843394e-01 1.083402693752506e+00
-2.423427183234561e-02 -7.218187804391631e-01 -1.436870844429959e+00
7.479954124135191e-01 -9.386823742414705e-01 1.584027002846678e+00
-1.780290441126410e+00 6.540196010426693e-01 -2.243224396647566e-01
-1.025650484345975e+00 -5.440384256135355e-01 -4.505516722510543e-01
1.000275443885721e+01
-9.631183858727643e-02 -1.564006358206617e+00 -1.639368386437868e+00
2.260539923118565e+00 3.101190054720085e-01 -4.119953644104215e-01
-1.183523376305704e+00 5.169151899467599e-01 3.711871689668734e-01
2.393811698118546e-01 -1.764509157701122e-01 -6.615416666908864e-01
4.132303610263921e-02 1.479854706237262e+00 -4.412483814289662e-01
8.947658293002871e+00
-1.264043510621007e+00 1.569590347050862e+00 5.155993338770927e-01
5.984088370184233e-01 -4.334060822469731e-01 -1.592368112267978e+00
-6.194053955664368e-01 -5.069236000420324e-01 5.480223054249587e-01
4.299712797444857e-01 9.899074021055299e-01 -1.216801421257878e-01
1.632206760629261e+00 -9.276389443747084e-01 -8.119988535837036e-02
1.515146173502184e+01
1.326060215907524e+00 5.396933933100849e-01 8.045493006740830e-01
2.118950071089426e-01 -1.076085103474300e+00 1.635634691328448e+00
-6.884338130671102e-01 -7.499415435499199e-01 -1.219954075512503e-01
-2.406475721640949e-01 1.329270153580209e-01 7.305749265962730e-01
8.294516621250591e-01 -1.597505782490197e+00 -1.858793448576657e-01
1.692500793757017e+01
-1.714426142886283e+00 2.926048624067129e-01 4.187555610918965e-01
9.045969575618849e-01 5.383382276035356e-01 -2.279292377337664e-01
-7.829441551292722e-01 -6.520808666954895e-01 -8.966877069963124e-01
-7.654408861664699e-01 1.177955511169831e+00 1.233713535685907e+00
5.592308393204151e-01 -2.219255812500677e-01 6.093664820113742e-01
1.954475124299204e+01
-6.186972077595407e-01 1.809581640952650e-01 5.713932918042554e-01
-7.105012099040591e-01 1.010330910487497e+00 -5.827457350617722e-01
1.030742392615910e+00 -9.180012944826383e-01 -1.088769593015597e+00
6.596794340793011e-02 -1.228664511246152e+00 8.712574914469919e-01
4.033044352965838e-01 7.677344438743905e-01 -1.604570373225505e-01
2.331667092061976e+01
8.866100462976615e-01 9.818454343495084e-01 2.767644735191118e-01
-2.698025835430474e-01 -9.647635555766692e-01 -5.413799184514728e-01
-1.575457426906898e+00 3.124771966176710e-01 8.134745870380522e-01
-2.640702616384596e-01 4.665885989968140e-01 -1.556514294191439e-01
-1.185109058530932e-01 7.793289812403634e-01 1.073107174227927e+00
2.319031701837850e+01
-7.950673488017396e-01 -6.797577438663338e-01 -9.143394678719083e-01
1.229696094612180e+00 6.435823264966143e-01 1.311592706605327e+00
-4.499345065565803e-01 1.768041449408306e+00 -1.181189749290999e+00
6.011807483321563e-02 1.065085268580060e-01 -9.820758774823367e-01
1.276387203331545e+00 -5.159647090604678e-01 1.378839024065566e+00
2.423537581593942e+01
-1.089846785906892e+00 6.595331844468411e-01 1.565918970096623e+00
1.054530042459690e+00 -8.164493541793399e-01 -2.868576929799151e-01
-4.200958229377630e-01 1.044735189434129e+00 -1.032060192129490e-01
-1.703264984417731e+00 1.538813599689651e+00 -4.537551648977366e-01
1.536928540690025e-01 -1.224381176130748e-01 -3.397007193653900e-02
1.413553087096762e+01
-9.041794167065453e-02 3.147571251426082e-01 1.576202621935199e+00
-1.742024098723955e+00 1.545825821683914e+00 -6.133323265999489e-01
1.296396823923053e+00 1.360865965563313e-01 -1.371936121032684e+00
-1.478891363684073e+00 2.962081240593525e-01 1.162906784077026e-01
2.991252848810105e-01 6.401440048874318e-01 3.566901371107150e-01
2.853993753325643e+01
-7.726998564994503e-02 3.959211924728528e-01 -1.482553105068170e+00
-1.100309368657176e+00 -4.557577676329022e-01 -8.369279582281441e-01
-1.081872228930106e-01 -1.552116459443945e-01 2.817039263559389e-01
1.147244798382317e-01 -1.227929008475982e+00 5.416052252819449e-01
9.203110160130323e-01 -4.290478628158279e-02 -1.768979008277914e+00
1.106906928102572e+01
2.577130083299508e-01 -3.964824655473638e-01 -1.529683947604326e-01
-5.918669922661073e-01 -1.244122611107745e+00 8.911676028544651e-01
-7.855817152104696e-01 1.489282290382796e+00 -6.254671935305426e-01
5.947438310334271e-01 6.749675280954417e-01 1.832093593540078e+00
7.975604768366523e-01 -1.777423285224156e+00 -1.815593320917815e-01
1.409830314911497e+01
1.612889010465796e+00 -7.362815621773084e-01 -1.608605518870443e-02
-1.587527849622656e+00 -1.216930150421040e+00 -5.806093388561837e-01
3.844593540626832e-01 -2.462053395171940e-01 1.554452113951160e+00
-4.221829336652145e-01 6.870101088906932e-02 -3.977413988391578e-01
6.613452178401378e-01 5.480155896983171e-01 2.932753079412844e-01
2.129716737554764e+01
-5.899272798848196e-01 -9.447695403152134e-02 -1.738731166411644e-02
5.157567632983787e-01 -7.045315616950695e-01 3.329649325253609e-02
-1.250107213746245e+00 -9.481327039718952e-01 -1.733739401188633e+00
1.253053432422319e-01 1.114572372597376e+00 2.046552108862068e-01
-2.760072175589138e-01 -3.443673060097727e-02 -1.394834330048617e+00
2.706753542193886e+01
3.463468895830877e-01 -8.968658975240689e-01 -1.716699377277113e-01
1.338044185932908e+00 -5.462522637504309e-01 4.610695890276297e-01
-3.335799197291409e-01 9.654468565515317e-01 -4.572419851289782e-01
1.194797147053058e+00 -1.551278464295049e+00 -5.895069510677758e-01
-3.790817111079046e-01 1.836184586425576e-01 6.548078214534844e-01
2.302875419172904e+01
4.251476422710020e-01 4.703669835276127e-01 -5.296530688564804e-01
4.146413575076811e-01 -8.991070020163796e-01 -6.925787846667975e-02
1.596734769842871e-01 8.580145626737539e-01 8.140023253085614e-01
4.092230665251094e-01 1.579889531665496e+00 -5.729208195037717e-01
1.685940834478234e+00 2.441149321600655e-01 1.400905582047397e+00
1.096303096701940e+01
-8.110955452091098e-01 -2.203799997800649e+00 -8.159636683909973e-01
-7.815990694851529e-01 3.324395085133128e-01 7.284017479201326e-01
1.239618639268419e+00 1.034209691491480e+00 1.344139515407633e+00
9.594314004545521e-01 -1.271835273031644e-01 -9.279720745899201e-01
-8.080997199311949e-01 -1.712219627756704e-01 -5.870620799582588e-01
2.476662267261908e+01
8.383218586224307e-01 -6.124540381514472e-01 -1.478571118079373e+00
8.424561847853587e-01 2.042125589720702e+00 -7.753801556452267e-01
-6.908198977277918e-01 -6.286882024151732e-01 -6.209473344352447e-01
8.023478925749962e-01 -4.675618630660374e-01 -1.432539204501747e-01
-2.611338597374913e-02 -2.458111891870527e-01 4.880065224029200e-01
1.922652601923887e+01
7.374115342396614e-02 -1.714889244879425e+00 8.956244119391684e-01
2.539626176493430e-01 6.238220734470343e-02 1.199804201366083e+00
2.764168662363612e-01 9.008873162205817e-01 2.445838437528340e-01
1.030518488719971e+00 -6.885854826309938e-01 -1.784701619951954e+00
5.572073350660106e-02 -6.640685898833785e-01 7.777529133632416e-03
4.195810287315294e+01
2.656515331194805e-01 -2.370915344409794e-01 -1.159743911511933e+00
1.909452550361713e-01 5.711344599200054e-01 6.136518061616911e-01
1.169895798068652e+00 2.559610210179512e-01 7.809676410882587e-01
-7.235683230154636e-01 -1.170103997277861e+00 4.061451884800062e-01
-4.484550816143786e-01 -4.896272570752043e-01 -3.390178214976649e-01
1.872487240838057e+01
-9.875035472134486e-01 1.305405906302113e+00 -1.061428973660404e+00
-1.085548131613420e+00 -5.507411379469587e-01 -1.362262465153455e+00
-4.917597806695517e-01 3.142852810429430e-01 1.031635872636949e+00
1.014733696313290e-01 9.853502228848964e-01 -7.130326098619492e-01
3.734360914603194e-01 -4.344961060106583e-01 -5.984406830188855e-01
1.128125073399699e+01
1.312326853922685e+00 2.519619066794610e+00 -3.478833178562759e-01
2.525659365694823e-01 -4.303045065240493e-01 7.687046205355612e-01
1.155013745074470e+00 3.828780063496440e-02 -5.976820836609749e-01
-8.388235868961557e-01 1.393877629259274e-01 -4.694464359296630e-01
-6.737156499904591e-01 -2.740450846317916e-01 1.872225263338830e+00
1.432818902914635e+01
-7.182156243707232e-01 -5.473959395156376e-01 6.426976268594664e-01
2.647092146293356e-01 1.789564319426163e+00 -2.595301165060429e-02
1.062323849046017e+00 4.470028029851582e-01 1.439057225722034e+00
8.280163983240574e-01 2.984474534821543e-01 -5.784408474044047e-01
7.751021497550545e-01 -7.261899956794216e-01 3.133622577657031e-01
1.932053118395156e+01
-8.276308355542803e-01 4.118373979520402e-01 -1.423738017849989e+00
1.521476458254638e+00 6.552867549733825e-01 -6.757679546013291e-01
-1.165283730064073e+00 -7.222399797748422e-01 5.950049269762976e-01
-2.122482128489603e-01 -6.058921136199458e-01 -3.115263152675285e-02
6.180526603309748e-01 -7.215007012395622e-01 -1.279849514410309e+00
1.681316734330202e+01
2.889556219274441e-01 4.984755476195047e-01 -9.065035312938353e-01
-8.792119783981174e-01 -3.207437050473573e-01 -1.397075129543992e+00
4.936826365285534e-01 1.258995796893065e+00 1.659552524203317e+00
2.422571703147999e+00 1.779235610467330e-01 -2.221419941143143e-01
4.398265436726083e-01 9.899992013582389e-01 3.470592368220906e-01
2.945698017775641e+01
-3.011076118191673e-01 -5.259279936244010e-01 2.431130129780690e-02
-8.386682115003459e-01 8.806530272545241e-01 -5.839935352353083e-01
-7.205556852176069e-01 -1.851210110593523e-01 -9.642518867639720e-01
9.419103338848391e-01 -6.259274414091796e-01 -3.995551977899260e-01
2.792179057537048e-02 7.350089783760491e-01 1.255368274617119e+00
1.384730777988353e+01
8.727152244963201e-01 -7.555277592447400e-01 -1.255088736748558e+00
-2.063824352186509e-01 5.842394157400682e-01 9.203838677091869e-01
9.041408974632985e-01 -1.093861297637255e-01 1.409510968816893e+00
2.057600706590414e+00 3.099190900410997e-03 -8.522317234055911e-01
8.243257226514920e-01 -1.495550893030421e+00 1.582920610377901e-01
-1.373857625135923e+00
-4.602894560744182e-01 1.842629240716435e+00 -1.872104194562933e-01
-3.242948623315846e-01 2.748308099195018e-01 1.265386541268936e+00
5.459950040526147e-01 3.385368706772948e-01 8.527171884840820e-01
4.918919959186764e-01 1.995228830528741e-01 -9.813072159762364e-01
-1.036200213915597e+00 -5.914431704665480e-01 -1.153616607267102e+00
1.137629393707751e+01
-7.925623255210652e-01 2.918971182213441e-01 -1.049364406752264e-01
7.029716654361304e-01 1.964652578991744e-01 2.061344339186180e+00
6.170250131999493e-01 4.734875006989585e-01 -5.162026996833158e-02
-5.525942612689954e-01 -9.893816545686397e-01 1.010740970453706e+00
1.740299478309499e-01 2.906940920606865e-01 -2.018774418437832e+00
1.791873831581025e+01
1.955379384496982e+00 -5.798650690220815e-01 3.169726518354794e-01
-1.120841830205465e+00 -1.193512910485938e-01 -1.467048477575639e-01
-5.267142811240726e-01 1.145255812089867e+00 2.185355597251282e-02
1.131666865371941e+00 -8.210011229632129e-01 -5.371989392590623e-01
-1.178078123624392e+00 8.278837276694196e-01 1.426629492170213e+00
1.838986352417444e+01
1.363738220371346e-01 1.552512037752725e+00 -1.152763589245333e-01
1.371204390657011e+00 4.961916547949649e-01 4.805698121553983e-01
7.976102843651223e-01 7.147988854047168e-01 -8.667727409954695e-01
2.315318503450750e-01 -3.837220727170054e-01 2.146737861616763e-01
-2.575964161346812e-01 -6.753486503493628e-01 1.630490894479240e+00
